2021 6 overall 315417 4183697714.168412
2021 6 developing_countries 52408 2736292938.4020505
2021 6 developed_countries 260644 1091625400.4512317
2021 6 least_developed_countries 2365 355779375.32349235
2021 7 overall 588744 4249690413.991462
2021 7 developed_countries 521113 1089597590.0878055
2021 7 developing_countries 64011 2680661848.84579
2021 7 least_developed_countries 3620 479430975.05035245
2021 8 overall 919423 4313682089.838161
2021 8 developing_countries 98426 2819048250.3007245
2021 8 developed_countries 817906 1092234127.5416682
2021 8 least_developed_countries 3091 402399711.9751406
2021 9 overall 789626 3983497863.455855
2021 9 developed_countries 717176 1093159902.3898396
2021 9 developing_countries 70549 2634574126.8854847
2021 9 least_developed_countries 1901 255763834.17688802
2021 10 overall 737559 3666384609.4290996
2021 10 developed_countries 677247 1092707532.9220717
2021 10 developing_countries 58790 2331755225.4275537
2021 10 least_developed_countries 1522 241921851.08065793
2021 11 overall 937441 3705401744.5361876
2021 11 developed_countries 874939 1076235753.662272
2021 11 developing_countries 61189 2389562725.7982664
2021 11 least_developed_countries 1313 239603265.06697613
2021 12 overall 987813 4349232993.154231
2021 12 developed_countries 907488 1097426261.6404815
2021 12 developing_countries 78087 2884862601.519206
2021 12 least_developed_countries 2238 366944129.9948693
2022 1 overall 1007458 4430687202.981332
2022 1 developed_countries 916531 1093353932.8724253
2022 1 developing_countries 88100 2945216103.0558786
2022 1 least_developed_countries 2827 392117167.048377
2021 5 overall 388809 4094045089.0784316
2021 5 developing_countries 44196 2697943041.2261405
2021 5 developed_countries 343066 1089558474.0948913
2021 5 least_developed_countries 1547 306543573.76085985
2021 4 overall 511047 3891771236.887067
2021 4 developed_countries 464392 1091220626.7524297
2021 4 developing_countries 45206 2507665397.7467833
2021 4 least_developed_countries 1449 292885212.380835
2021 3 overall 496791 3661411095.9344153
2021 3 developed_countries 459605 1091511193.562244
2021 3 developing_countries 35348 2277848223.0592375
2021 3 least_developed_countries 1838 292051679.3038296
2021 2 overall 327792 3307082710.839247
2021 2 developed_countries 301921 1084920803.537433
2021 2 developing_countries 24689 1975435165.1631746
2021 2 least_developed_countries 1182 246726742.1410245
2021 1 overall 295703 3345047356.6905017
2021 1 developed_countries 271614 1085519442.2060971
2021 1 developing_countries 22299 1962705838.953657
2021 1 least_developed_countries 1790 296822075.5272676
2020 10 overall 99732 2199231043.9175224
2020 10 developed_countries 92091 986153950.458909
2020 10 developing_countries 7377 1101308212.7003224
2020 10 least_developed_countries 264 111768880.75847599
2020 11 overall 134156 2391591990.738131
2020 11 developed_countries 124990 1012557260.7482952
2020 11 developing_countries 8785 1249109626.8764951
2020 11 least_developed_countries 381 129925103.11132726
2020 12 overall 184543 2929775187.661642
2020 12 developed_countries 167939 1056045702.775958
2020 12 developing_countries 15400 1636417948.9996922
2020 12 least_developed_countries 1204 237311535.88872415
2020 8 overall 54998 2244935698.4414926
2020 8 developed_countries 47501 926359320.546929
2020 8 developing_countries 6834 1148853920.7296886
2020 8 least_developed_countries 663 169722457.16455963
2022 2 overall 809779 3857190257.6307473
2022 2 developed_countries 751422 1098021150.1211858
2022 2 developing_countries 57448 2556432182.2353234
2022 2 least_developed_countries 909 202736925.26877972
2020 3 overall 66240 2204108255.730731
2020 3 developed_countries 60471 966699276.2660552
2020 3 developing_countries 5514 1141194432.79893
2020 3 least_developed_countries 255 96214546.66554639
2022 7 overall 620149 4291083061.1175947
2022 7 developed_countries 525847 1095474891.9589155
2022 7 developing_countries 93019 2948397028.7667594
2022 7 least_developed_countries 1283 247211140.39223477
2022 8 overall 442432 3947386589.493979
2022 8 developed_countries 379311 1094964690.921121
2022 8 developing_countries 62282 2660477723.573529
2022 8 least_developed_countries 839 191944174.99457544
2022 9 overall 347138 3431768327.967682
2022 9 developed_countries 308929 1094797395.6210597
2022 9 developing_countries 37557 2161277544.0110946
2022 9 least_developed_countries 652 175693388.33157507
2022 10 overall 332142 3324135476.1690855
2022 10 developing_countries 29829 2091495500.3224595
2022 10 developed_countries 301866 1097601925.0160995
2022 10 least_developed_countries 447 135038050.82723507
2022 6 overall 555719 3996396780.3250356
2022 6 developed_countries 476473 1083122757.704554
2022 6 developing_countries 78104 2654043302.609603
2022 6 least_developed_countries 1142 259230720.00757474
2022 11 overall 327930 3547765819.2946906
2022 11 developed_countries 279821 1088033589.9663637
2022 11 developing_countries 47791 2393552900.2235026
2022 11 least_developed_countries 318 66179329.09914011
2022 5 overall 498809 3231948234.884339
2022 5 developed_countries 450011 1086803324.3131127
2022 5 developing_countries 48319 1993620835.3735244
2022 5 least_developed_countries 479 151524075.20323777
2022 12 overall 370319 3687254080.1301165
2022 12 developed_countries 325502 1093819427.1310215
2022 12 developing_countries 44386 2499528391.144455
2022 12 least_developed_countries 431 93906261.85332792
2023 1 overall 256326 3623097579.707548
2023 1 developed_countries 228274 1094929938.3170311
2023 1 developing_countries 27522 2414827653.111795
2023 1 least_developed_countries 530 113339988.2804521
2022 4 overall 565217 2991467070.8910556
2022 4 developed_countries 530647 1091144082.574852
2022 4 developing_countries 34040 1808676358.6378117
2022 4 least_developed_countries 530 91646629.66581379
2023 2 overall 192203 3270157676.716242
2023 2 developed_countries 171171 1094596427.3093464
2023 2 developing_countries 20848 2092528776.8082466
2023 2 least_developed_countries 184 83032472.60234228
2022 3 overall 823204 3273144430.8467164
2022 3 developed_countries 782423 1093783113.2480314
2022 3 developing_countries 39972 2051792548.0561726
2022 3 least_developed_countries 809 127568769.5539372
2020 4 overall 69597 2414339832.9836454
2020 4 developed_countries 62349 964550025.6821542
2020 4 developing_countries 6748 1298417689.477223
2020 4 least_developed_countries 500 151372117.82396623
2020 5 overall 37423 2284943772.1770205
2020 5 developed_countries 28961 824835155.394634
2020 5 developing_countries 7503 1240882740.7449763
2020 5 least_developed_countries 959 219225876.0373564
2020 6 overall 38938 2293902523.928073
2020 6 developed_countries 30683 804060066.842227
2020 6 developing_countries 7468 1308162229.177823
2020 6 least_developed_countries 787 181680227.90813354
2020 7 overall 53841 2169730261.6005797
2020 7 developed_countries 45421 844897274.1333344
2020 7 developing_countries 7479 1156199319.0048072
2020 7 least_developed_countries 941 168633668.4627877
2020 9 overall 60097 2131617758.7920885
2020 9 developed_countries 53759 955265593.7940454
2020 9 developing_countries 5977 1046302081.2487147
2020 9 least_developed_countries 361 130050083.7502044
2020 2 overall 2249 668347124.5212514
2020 2 developed_countries 1061 270924267.1136135
2020 2 developing_countries 1183 392422857.4076331
2020 2 least_developed_countries 5 5000000
2023 9 overall 114661 2751455758.74817
2023 9 developing_countries 14343 1677149182.2779999
2023 9 developed_countries 100252 1054839007.9496174
2023 9 least_developed_countries 66 19467568.52109194
2023 10 overall 107366 2671382353.6372323
2023 10 developing_countries 14879 1559719780.1032128
2023 10 developed_countries 92415 1079472151.1472013
2023 10 least_developed_countries 72 32190422.38737606
2023 7 overall 57231 2438524053.5944085
2023 7 developed_countries 45966 957712428.2316784
2023 7 developing_countries 11049 1408440205.132646
2023 7 least_developed_countries 216 72371420.22965659
2023 8 overall 98397 2606151741.451316
2023 8 developed_countries 86027 1015151195.5793242
2023 8 developing_countries 12277 1558001847.36981
2023 8 least_developed_countries 93 32998698.501111384
2023 11 overall 104899 2413230269.191717
2023 11 developed_countries 92497 1066397204.0693918
2023 11 developing_countries 12334 1312566755.4587064
2023 11 least_developed_countries 68 34266309.663636
2023 12 overall 118341 2632351914.5792294
2023 12 developed_countries 104757 1065942535.4589593
2023 12 developing_countries 13432 1504327144.2120903
2023 12 least_developed_countries 152 62082234.90703676
2024 1 overall 94033 2753276889.967846
2024 1 developed_countries 79658 1061627626.2263428
2024 1 developing_countries 14236 1614306552.5027716
2024 1 least_developed_countries 139 77342711.23857309
2023 5 overall 105416 3758753257.5732627
2023 5 developing_countries 33494 2629977656.927884
2023 5 developed_countries 71661 1046009885.6595911
2023 5 least_developed_countries 261 82765714.98512138
2023 6 overall 61603 2903766334.665165
2023 6 developed_countries 42954 970761489.3556114
2023 6 least_developed_countries 279 84869821.14621529
2023 6 developing_countries 18370 1848135024.1632712
2023 4 overall 129209 3980477812.4876275
2023 4 developed_countries 100128 1085205898.3150027
2023 4 developing_countries 28865 2795860669.649702
2023 4 least_developed_countries 216 99411244.52184656
2024 2 overall 57473 2635061699.556815
2024 2 developed_countries 45945 978134482.8379662
2024 2 developing_countries 11450 1613387733.6651576
2024 2 least_developed_countries 78 43539483.05402305
2024 11 overall 26506 1481005086.0129535
2024 11 developed_countries 22895 867194614.5236177
2024 11 developing_countries 3602 607602988.1049341
2024 11 least_developed_countries 9 6207483.384515018
2024 12 overall 29122 1536937241.829577
2024 12 developed_countries 25043 869527061.8020473
2024 12 developing_countries 4065 657873407.3791746
2024 12 least_developed_countries 14 9536772.648435093
2024 10 overall 37823 1573208951.4260805
2024 10 developed_countries 34693 956594866.7154733
2024 10 developing_countries 3123 609740369.7110866
2024 10 least_developed_countries 7 6873714.999298971
2024 9 overall 51595 1861627945.5330682
2024 9 developed_countries 46557 1015044396.3752693
2024 9 developing_countries 5016 833556911.6177447
2024 9 least_developed_countries 22 13026637.540241644
2025 1 overall 24953 1308767791.94676
2025 1 developed_countries 22254 832553232.1033146
2025 1 developing_countries 2698 475214559.8436051
2025 1 least_developed_countries 1 1000000
2025 2 overall 18131 1165924277.7643654
2025 2 developed_countries 16228 763401629.3648576
2025 2 developing_countries 1896 398996430.29790664
2025 2 least_developed_countries 7 3526218.101592696
2024 8 overall 58106 2079090816.4228046
2024 8 developed_countries 51406 1025373553.6037451
2024 8 developing_countries 6625 1029622393.023345
2024 8 least_developed_countries 75 24094869.795520876
2024 7 overall 64998 2088235837.1224446
2024 7 developed_countries 57262 1008406226.4649497
2024 7 developing_countries 7630 1040987781.6893384
2024 7 least_developed_countries 106 38841828.96851389
2024 6 overall 50946 1869303890.7827957
2024 6 developed_countries 44557 908229258.5405469
2024 6 developing_countries 6174 891360219.3732586
2024 6 least_developed_countries 215 69714412.86883172
2025 3 overall 14588 1118910524.025179
2025 3 developed_countries 12707 727704579.7090578
2025 3 developing_countries 1869 385785595.99272543
2025 3 least_developed_countries 12 5420348.323379054
2024 5 overall 36765 1874471998.8638887
2024 5 developed_countries 29557 848708754.3076665
2024 5 developing_countries 7113 980250580.3054019
2024 5 least_developed_countries 95 45512664.25081714
2023 3 overall 184146 3901254773.288939
2023 3 developed_countries 156381 1092921395.6762626
2023 3 developing_countries 27547 2717280532.3245783
2023 3 least_developed_countries 218 91052845.2870352
2024 3 overall 35856 2291566212.140309
2024 3 developed_countries 26164 857370449.4225178
2024 3 developing_countries 9641 1403244830.6330285
2024 3 least_developed_countries 51 30950932.085193437
2024 4 overall 27013 1885035073.727999
2024 4 developed_countries 20775 821952146.7604343
2024 4 developing_countries 6167 1029776472.887488
2024 4 least_developed_countries 71 33306454.08001758
2025 5 overall 12442 1319707102.2942054
2025 5 developing_countries 3939 687597310.245218
2025 5 developed_countries 8439 599132065.9616786
2025 5 least_developed_countries 64 32977726.087350078
2019 12 overall 46 25978548.842184115
2019 12 developing_countries 46 25978548.842184115
2025 4 overall 12501 1165035257.0510488
2025 4 developed_countries 9606 644073460.7896276
2025 4 developing_countries 2884 514180927.89873004
2025 4 least_developed_countries 11 6780868.362719686
2025 6 overall 8104 781942571.7127755
2025 6 developing_countries 1742 281891892.63919777
2025 6 developed_countries 6361 499050679.073585
2025 6 least_developed_countries 1 1000000
2020 1 overall 1091 444329722.4138298
2020 1 developing_countries 876 324624812.09585875
2020 1 developed_countries 211 116378932.0376067
2020 1 least_developed_countries 4 3325978.280365105
2025 7 overall 474 121336723.928736
2025 7 developed_countries 220 68598417.10673569
2025 7 developing_countries 254 52738306.82200027
