1	India	1,428,627,663	0.81 %	11,454,490	481	2,973,190	-486,136	2.0	28	36 %	17.76 %
2	China	1,425,671,352	-0.02 %	-215,985	152	9,388,211	-310,220	1.2	39	65 %	17.72 %
3	USA	339,996,563	-0.02 %	-215,985	152	9,388,211	-310,220	1.2	39	65 %	17.72 %
4	Indonesia	277,534,122	0.74 %	2,032,783	153	1,811,570	-49,997	2.1	30	59 %	3.45 %
5	Pakistan	240,485,658	1.98 %	4,660,796	312	770,880	-165,988	3.3	21	35 %	2.99 %
6	Nigeria	223,804,632	2.41 %	5,263,420	246	910,770	-59,996	5.1	17	54 %	2.78 %
7	Brazil	216,422,446	0.52 %	1,108,948	26	8,358,140	6,000	1.6	34	88 %	2.69 %
8	Bangladesh	172,954,319	1.03 %	1,767,947	1,329	130,170	-309,977	1.9	27	41 %	2.15 %
9	Russia	144,444,359	-0.19 %	-268,955	9	16,376,870	-136,414	1.5	39	75 %	1.80 %
10	Mexico	128,455,567	0.75 %	951,442	66	1,943,950	-50,239	1.8	30	88 %	1.60 %
11	Ethiopia	126,527,060	2.55 %	3,147,136	127	1,000,000	-11,999	4.0	19	22 %	1.57 %
12	Japan	123,294,513	-0.53 %	-657,179	338	364,555	99,994	1.3	49	94 %	1.53 %
13	Philippines	117,337,368	1.54 %	1,778,359	394	298,170	-69,996	2.7	25	47 %	1.46 %
14	Egypt	112,716,598	1.56 %	1,726,495	113	995,450	-29,998	2.8	24	41 %	1.40 %
15	DR Congo	102,262,808	3.29 %	3,252,596	45	2,267,050	-14,999	6.1	16	46 %	1.27 %
16	Vietnam	98,858,950	0.68 %	672,094	319	310,070	-82,700	1.9	33	40 %	1.23 %
17	Iran	89,172,767	0.70 %	622,197	55	1,628,550	-39,998	1.7	33	74 %	1.11 %
18	Turkey	85,816,199	0.56 %	474,958	112	769,630	-318,067	1.9	32	77 %	1.07 %
19	Germany	83,294,633	-0.09 %	-75,210	239	348,560	155,751	1.5	45	77 %	1.04 %
20	Thailand	71,801,279	0.15 %	104,249	141	510,890	18,999	1.3	40	52 %	0.89 %
21	United Kingdom	67,736,802	0.34 %	227,866	280	241,930	165,790	1.6	40	85 %	0.84 %
22	Tanzania	67,438,106	2.96 %	1,940,358	76	885,800	-39,997	4.6	17	38 %	0.84 %
23	France	64,756,584	0.20 %	129,956	118	547,557	67,761	1.8	42	84 %	0.80 %
24	South Africa	60,414,495	0.87 %	520,610	50	1,213,090	58,496	2.3	28	69 %	0.75 %
25	Italy	58,870,762	-0.28 %	-166,712	200	294,140	58,496	1.3	48	72 %	0.73 %
26	Kenya	55,100,586	1.99 %	1,073,099	97	569,140	-10,000	3.2	20	31 %	0.68 %
27	Myanmar	54,577,997	0.74 %	398,691	84	653,290	-34,998	2.1	30	33 %	0.68 %
28	Colombia	52,085,168	0.41 %	211,144	47	1,109,500	-175,051	1.7	32	81 %	0.65 %
29	South Korea	51,784,059	-0.06 %	-31,751	533	97,230	29,998	0.9	44	82 %	0.64 %
30	Uganda	48,582,334	2.82 %	1,332,749	243	199,810	-126,181	4.4	16	29 %	0.60 %
31	Sudan	48,109,006	2.63 %	1,234,802	27	1,765,048	-9,999	4.3	19	35 %	0.60 %
32	Spain	47,519,628	-0.08 %	-39,002	95	498,800	39,998	1.3	45	80 %	0.59 %
33	Argentina	45,773,884	0.58 %	263,566	17	2,736,690	3,718	1.9	32	94 %	0.57 %
34	Algeria	45,606,480	1.57 %	703,255	19	2,381,740	-9,999	2.8	28	75 %	0.57 %
35	Iraq	45,504,560	2.27 %	1,008,438	105	434,320	-6,000	3.4	20	71 %	0.57 %
36	Afghanistan	42,239,854	2.70 %	1,111,083	65	652,860	-65,846	4.4	17	26 %	0.53 %
37	Poland	41,026,067	2.93 %	1,168,922	134	306,230	-910,475	1.5	40	55 %	0.51 %
38	Canada	38,781,291	0.85 %	326,964	4	9,093,510	249,746	1.5	41	81 %	0.48 %
39	Morocco	37,840,044	1.02 %	382,073	85	446,300	-39,998	2.3	29	66 %	0.47 %
40	Saudi Arabia	36,947,025	1.48 %	538,205	17	2,149,690	28,998	2.4	31	83 %	0.46 %
41	Ukraine	36,744,634	-7.45 %	-2,957,105	63	579,320	1,784,718	1.3	45	82 %	0.46 %
42	Angola	36,684,202	3.08 %	1,095,215	29	1,246,700	-1,000	5.1	16	68 %	0.46 %
43	Uzbekistan	35,163,944	1.55 %	536,292	83	425,400	-19,999	2.8	27	49 %	0.44 %
44	Yemen	34,449,825	2.24 %	753,211	65	527,970	-29,914	3.6	19	37 %	0.43 %
45	Peru	34,352,719	0.89 %	303,131	27	1,280,000	-61,442	2.1	29	79 %	0.43 %
46	Malaysia	34,308,525	1.09 %	370,304	104	328,550	48,997	1.8	31	78 %	0.43 %
47	Ghana	34,121,985	1.93 %	646,115	150	227,540	-9,999	3.5	21	57 %	0.42 %
48	Mozambique	33,897,354	2.81 %	927,836	43	786,380	-5,000	4.5	17	40 %	0.42 %
49	Nepal	30,896,590	1.14 %	349,010	216	143,350	-62,012	2.0	24	22 %	0.38 %
50	Madagascar	30,325,732	2.41 %	714,018	52	581,795	-1,500	3.7	19	40 %	0.38 %
51	Cote dIvoire	28,873,034	2.53 %	712,492	91	318,000	6,000	4.3	18	52 %	0.36 %
52	Venezuela	28,838,499	1.90 %	536,803	33	882,050	321,106	2.2	28	N.A.	0.36 %
53	Cameroon	28,647,293	2.63 %	732,757	61	472,710	-4,800	4.3	18	58 %	0.36 %
54	Niger	27,202,843	3.80 %	994,866	21	1,266,700	1,000	6.7	15	17 %	0.34 %
55	Australia	26,439,111	1.00 %	261,698	3	7,682,300	139,991	1.6	38	86 %	0.33 %
56	North Korea	26,160,821	0.35 %	91,405	217	120,410	-2,000	1.8	36	63 %	0.33 %
57	Taiwan	23,923,276	0.13 %	29,882	676	35,410	23,999	1.2	42	80 %	0.30 %
58	Mali	23,293,698	3.10 %	700,108	19	1,220,190	-39,998	5.8	15	44 %	0.29 %
59	Burkina Faso	23,251,485	2.55 %	577,723	85	273,600	-24,998	4.6	17	32 %	0.29 %
60	Syria	23,227,014	4.98 %	1,101,765	126	183,630	757,103	2.7	22	53 %	0.29 %
61	Sri Lanka	21,893,579	0.28 %	61,436	349	62,710	-77,495	2.0	33	19 %	0.27 %
62	Malawi	20,931,751	2.58 %	526,434	222	94,280	-6,000	3.8	17	19 %	0.26 %
63	Zambia	20,569,737	2.76 %	552,062	28	743,390	-5,000	4.2	17	46 %	0.26 %
64	Romania	19,892,812	1.19 %	233,545	86	230,170	-254,616	1.7	41	53 %	0.25 %
65	Chile	19,629,590	0.13 %	25,857	26	743,532	-71,205	1.5	36	85 %	0.24 %
66	Kazakhstan	19,606,633	1.08 %	208,635	7	2,699,700	0	3.0	30	57 %	0.24 %
67	Chad	18,278,568	3.13 %	555,253	15	1,259,200	-2,000	6.1	15	24 %	0.23 %
68	Ecuador	18,190,484	1.05 %	189,484	73	248,360	-21,525	2.0	28	64 %	0.23 %
69	Somalia	18,143,378	3.10 %	545,867	29	627,340	-30,000	6.1	15	46 %	0.23 %
70	Guatemala	18,092,026	1.39 %	248,118	169	107,160	-9,110	2.3	23	55 %	0.22 %
71	Senegal	17,763,163	2.58 %	446,714	92	192,530	-19,999	4.3	18	52 %	0.22 %
72	Netherlands	17,618,299	0.31 %	54,285	522	33,720	29,998	1.6	42	92 %	0.22 %
73	Cambodia	16,944,826	1.06 %	176,984	96	176,520	-29,998	2.3	27	26 %	0.21 %
74	Zimbabwe	16,665,409	2.11 %	344,872	43	386,850	-9,999	3.4	18	37 %	0.21 %
75	Guinea	14,190,612	2.39 %	331,271	58	245,720	-4,000	4.2	18	40 %	0.18 %
76	Rwanda	14,094,683	2.31 %	317,985	571	24,670	-8,999	3.7	19	18 %	0.18 %
77	Benin	13,712,828	2.70 %	359,964	122	112,760	-200	4.8	18	48 %	0.17 %
78	Burundi	13,238,559	2.71 %	348,983	516	25,680	2,000	4.9	16	15 %	0.16 %
79	Tunisia	12,458,223	0.83 %	102,106	80	155,360	-4,000	2.0	32	69 %	0.15 %
80	Bolivia	12,388,571	1.35 %	164,461	11	1,083,300	-3,000	2.5	24	69 %	0.15 %
81	Haiti	11,724,763	1.21 %	139,767	425	27,560	-31,811	2.7	23	60 %	0.15 %
82	Belgium	11,686,140	0.26 %	30,210	386	30,280	23,999	1.6	41	99 %	0.15 %
83	Jordan	11,337,052	0.45 %	51,183	128	88,780	-157,392	2.7	24	85 %	0.14 %
84	Dominican Republic	11,332,972	0.93 %	104,151	235	48,320	-29,099	2.2	28	85 %	0.14 %
85	Cuba	11,194,449	-0.16 %	-17,742	105	106,440	-6,000	1.5	41	80 %	0.14 %
86	South Sudan	11,088,796	1.61 %	175,632	18	610,952	-23,291	4.3	17	28 %	0.14 %
87	Sweden	10,612,086	0.59 %	62,739	26	410,340	39,998	1.7	40	86 %	0.13 %
88	Honduras	10,593,798	1.54 %	160,938	95	111,890	-5,034	2.3	24	58 %	0.13 %
89	Czech Republic	10,495,295	0.01 %	1,309	136	77,240	22,011	1.7	43	75 %	0.13 %
90	Azerbaijan	10,412,651	0.53 %	54,577	126	82,658	0	1.7	32	57 %	0.13 %
91	Greece	10,341,277	-0.42 %	-43,694	80	128,900	5,000	1.4	45	86 %	0.13 %
92	Papua New Guinea	10,329,931	1.85 %	187,312	23	452,860	-800	3.1	22	12 %	0.13 %
93	Portugal	10,247,605	-0.23 %	-23,260	112	91,590	9,999	1.4	46	67 %	0.13 %
94	Hungary	10,156,239	1.90 %	188,931	112	90,530	-156,677	1.6	42	68 %	0.13 %
95	Tajikistan	10,143,543	1.92 %	190,756	72	139,960	-19,999	3.1	22	28 %	0.13 %
96	United Arab Emirates	9,516,871	0.80 %	75,742	114	83,600	0	1.4	34	94 %	0.12 %
97	Belarus	9,498,238	-0.39 %	-36,716	47	202,910	-4,282	1.5	41	80 %	0.12 %
98	Israel	9,174,520	1.51 %	136,211	424	21,640	9,999	2.9	29	92 %	0.11 %
99	Togo	9,053,799	2.32 %	205,100	166	54,390	-2,000	4.1	19	44 %	0.11 %
100	Austria	8,958,960	0.22 %	19,343	109	82,409	19,999	1.5	43	59 %	0.11 %
101	Switzerland	8,796,669	0.64 %	56,197	223	39,516	39,998	1.5	42	75 %	0.11 %
102	Sierra Leone	8,791,092	2.15 %	185,374	122	72,180	-4,000	3.8	19	43 %	0.11 %
103	Laos	7,633,779	1.39 %	104,304	33	230,800	-9,999	2.4	24	37 %	0.09 %
104	Hong Kong	7,491,609	0.04 %	2,744	7,135	1,050	19,999	0.8	46	N.A.	0.09 %
105	Serbia	7,149,077	-1.00 %	-72,288	82	87,460	-9,999	1.5	43	69 %	0.09 %
106	Nicaragua	7,046,310	1.41 %	97,918	59	120,340	-8,000	2.3	25	56 %	0.09 %
107	Libya	6,888,388	1.12 %	76,047	4	1,759,540	-2,000	2.4	27	82 %	0.09 %
108	Paraguay	6,861,524	1.19 %	80,780	17	397,300	-12,499	2.4	26	67 %	0.09 %
109	Kyrgyzstan	6,735,347	1.58 %	104,724	35	191,800	-9,999	2.9	24	37 %	0.08 %
110	Bulgaria	6,687,717	-1.39 %	-94,236	62	108,560	-4,800	1.6	45	78 %	0.08 %
111	Turkmenistan	6,516,100	1.33 %	85,330	14	469,930	-4,000	2.6	26	52 %	0.08 %
112	El Salvador	6,364,943	0.45 %	28,551	307	20,720	-23,249	1.8	27	78 %	0.08 %
113	Congo	6,106,869	2.29 %	136,445	18	341,500	-1,000	4.0	18	70 %	0.08 %
114	Singapore	6,014,723	0.65 %	39,034	8,592	700	26,998	1.0	43	N.A.	0.07 %
115	Denmark	5,910,913	0.49 %	28,652	139	42,430	19,999	1.7	41	88 %	0.07 %
116	Slovakia	5,795,199	2.69 %	151,746	121	48,088	-112,067	1.6	40	51 %	0.07 %
117	Central African Republic	5,742,315	2.92 %	163,171	9	622,980	-14,716	5.8	15	40 %	0.07 %
118	Finland	5,545,475	0.09 %	4,730	18	303,890	13,999	1.4	43	87 %	0.07 %
119	Norway	5,474,360	0.74 %	40,041	15	365,268	27,998	1.5	40	86 %	0.07 %
120	Liberia	5,418,377	2.18 %	115,696	56	96,320	-5,000	4.0	18	54 %	0.07 %
121	Palestine	5,371,230	2.31 %	121,158	892	6,020	-5,000	3.4	20	83 %	0.07 %
122	Lebanon	5,353,930	-2.47 %	-135,809	523	10,230	-177,331	2.1	29	97 %	0.07 %
123	New Zealand	5,228,100	0.83 %	42,812	20	263,310	12,999	1.8	37	82 %	0.06 %
124	Costa Rica	5,212,173	0.60 %	31,344	102	51,060	3,750	1.5	34	82 %	0.06 %
125	Ireland	5,056,935	0.67 %	33,826	73	68,890	9,999	1.8	38	64 %	0.06 %
126	Mauritania	4,862,989	2.68 %	126,850	5	1,030,700	3,000	4.3	18	61 %	0.06 %
127	Oman	4,644,384	1.49 %	68,086	15	309,500	0	2.5	29	N.A.	0.06 %
128	Panama	4,468,087	1.35 %	59,506	60	74,340	7,262	2.3	29	70 %	0.06 %
129	Kuwait	4,310,108	0.97 %	41,235	242	17,820	11,999	2.1	40	N.A.	0.05 %
130	Croatia	4,008,617	-0.54 %	-21,741	72	55,960	-2,000	1.4	44	59 %	0.05 %
131	Eritrea	3,748,901	1.76 %	64,869	37	101,000	-15,297	3.7	19	67 %	0.05 %
132	Georgia	3,728,282	-0.43 %	-16,103	54	69,490	-9,999	2.1	37	63 %	0.05 %
133	Mongolia	3,447,157	1.44 %	48,791	2	1,553,560	-850	2.7	27	67 %	0.04 %
134	Moldova	3,435,931	4.98 %	162,935	105	32,850	-125,204	1.8	35	50 %	0.04 %
135	Uruguay	3,423,108	0.01 %	314	20	175,020	-1,500	1.5	36	99 %	0.04 %
136	Puerto Rico	3,260,314	0.24 %	7,907	368	8,870	19,835	1.3	44	N.A.	0.04 %
137	Bosnia and Herzegovina	3,210,847	-0.70 %	-22,679	63	51,000	-500	1.3	42	54 %	0.04 %
138	Albania	2,832,439	-0.35 %	-9,882	103	27,400	-8,000	1.4	38	67 %	0.04 %
139	Jamaica	2,825,544	-0.06 %	-1,833	261	10,830	-10,999	1.3	32	59 %	0.04 %
140	Armenia	2,777,970	-0.09 %	-2,499	98	28,470	-5,000	1.6	35	67 %	0.03 %
141	Gambia	2,773,168	2.48 %	67,176	274	10,120	-3,000	4.5	17	58 %	0.03 %
142	Lithuania	2,718,352	-1.15 %	-31,703	43	62,674	-13,128	1.6	44	71 %	0.03 %
143	Qatar	2,716,391	0.79 %	21,269	234	11,610	0	1.8	34	N.A.	0.03 %
144	Botswana	2,675,352	1.71 %	45,056	5	566,730	3,000	2.7	24	69 %	0.03 %
145	Namibia	2,604,172	1.45 %	37,160	3	823,290	-3,916	3.2	21	60 %	0.03 %
146	Gabon	2,436,566	1.99 %	47,574	9	257,670	1,000	3.4	22	85 %	0.03 %
147	Lesotho	2,330,318	1.06 %	24,493	77	30,360	-4,000	2.9	22	31 %	0.03 %
148	GuineaBissau	2,150,842	2.15 %	45,276	76	28,120	-1,400	3.8	19	45 %	0.03 %
149	Slovenia	2,119,675	-0.01 %	-169	105	20,140	2,000	1.6	44	55 %	0.03 %
150	North Macedonia	2,085,679	-0.38 %	-7,920	83	25,220	-1,000	1.4	39	60 %	0.03 %
151	Latvia	1,830,211	-1.10 %	-20,440	29	62,200	-7,630	1.6	44	69 %	0.02 %
152	Equatorial Guinea	1,714,671	2.37 %	39,763	61	28,050	4,000	4.1	21	67 %	0.02 %
153	Trinidad and Tobago	1,534,937	0.25 %	3,893	299	5,130	-800	1.6	36	48 %	0.02 %
154	Bahrain	1,485,509	0.90 %	13,276	1,955	760	0	1.8	34	N.A.	0.02 %
155	TimorLeste	1,360,596	1.44 %	19,300	91	14,870	-5,000	3.0	21	35 %	0.02 %
156	Estonia	1,322,765	-0.25 %	-3,297	31	42,390	-1,000	1.7	42	68 %	0.02 %
157	Mauritius	1,300,557	0.08 %	1,088	641	2,030	0	1.4	37	40 %	0.02 %
158	Cyprus	1,260,138	0.69 %	8,650	136	9,240	5,000	1.3	39	65 %	0.02 %
159	Eswatini	1,210,822	0.76 %	9,152	70	17,200	-5,268	2.8	22	31 %	0.02 %
160	Djibouti	1,136,455	1.39 %	15,606	49	23,180	900	2.7	24	72 %	0.01 %
161	Reunion	981,796	0.80 %	7,744	393	2,500	-630	2.2	34	93 %	0.01 %
162	Fiji	936,375	0.71 %	6,609	51	18,270	-3,289	2.4	27	59 %	0.01 %
163	Comoros	852,075	1.83 %	15,301	458	1,861	-2,000	3.8	20	33 %	0.01 %
164	Guyana	813,834	0.63 %	5,108	4	196,850	-3,900	2.3	26	27 %	0.01 %
165	Bhutan	787,424	0.64 %	4,969	21	38,117	300	1.4	29	49 %	0.01 %
166	Solomon Islands	740,424	2.23 %	16,151	26	27,990	-1,600	3.9	19	24 %	0.01 %
167	Macao	704,149	1.29 %	8,981	23,472	30	5,000	1.1	39	97 %	0.01 %
168	Luxembourg	654,768	1.11 %	7,169	253	2,590	4,883	1.4	39	88 %	0.01 %
169	Montenegro	626,485	-0.10 %	-597	47	13,450	-480	1.7	39	69 %	0.01 %
170	Suriname	623,236	0.84 %	5,196	4	156,000	-1,000	2.3	28	63 %	0.01 %
171	Cabo Verde	598,682	0.93 %	5,533	149	4,030	-1,227	1.9	27	67 %	0.01 %
172	Western Sahara	587,259	1.96 %	11,273	2	266,000	5,600	2.2	32	95 %	0.01 %
173	Micronesia	544,321	0.98 %	5,308	778	700	-1,642	2.7	26	71 %	0.01 %
174	Malta	535,064	0.33 %	1,778	1,672	320	850	1.2	40	78 %	0.01 %
175	Maldives	521,021	-0.53 %	-2,766	1,737	300	-8,652	1.7	32	39 %	0.01 %
176	Brunei	452,524	0.78 %	3,522	86	5,270	0	1.7	33	80 %	0.01 %
177	Bahamas	412,623	0.64 %	2,639	41	10,010	1,000	1.4	33	85 %	0.01 %
178	Belize	410,825	1.37 %	5,553	18	22,810	600	2.0	26	48 %	0.01 %
179	Guadeloupe	395,839	0.02 %	87	234	1,690	-800	2.0	42	N.A.	0.00 %
180	Iceland	375,318	0.65 %	2,419	4	100,250	380	1.7	36	88 %	0.00 %
181	Martinique	366,981	-0.14 %	-526	346	1,060	-650	1.9	47	94 %	0.00 %
182	Mayotte	335,995	3.03 %	9,894	896	375	0	4.3	17	40 %	0.00 %
183	Vanuatu	334,506	2.38 %	7,766	27	12,190	0	3.7	20	24 %	0.00 %
184	French Guiana	312,155	2.49 %	7,598	4	82,200	1,200	3.4	24	90 %	0.00 %
185	French Polynesia	308,872	0.85 %	2,593	84	3,660	-100	1.7	34	59 %	0.00 %
186	New Caledonia	292,991	1.05 %	3,041	16	18,280	500	2.0	34	74 %	0.00 %
187	Barbados	281,995	0.13 %	360	656	430	-80	1.6	40	32 %	0.00 %
188	Sao Tome and Principe	231,856	1.97 %	4,476	242	960	-600	3.7	19	77 %	0.00 %
189	Samoa	225,681	1.48 %	3,299	80	2,830	-1,500	3.8	21	16 %	0.00 %
190	Curacao	192,077	0.48 %	914	433	444	515	1.6	36	77 %	0.00 %
191	Saint Lucia	180,251	0.22 %	394	295	610	0	1.4	34	19 %	0.00 %
192	Guam	172,952	0.69 %	1,178	320	540	-500	2.5	30	95 %	0.00 %
193	Kiribati	133,515	1.74 %	2,283	165	810	-400	3.2	22	56 %	0.00 %
194	Grenada	126,183	0.59 %	745	371	340	-200	2.0	32	32 %	0.00 %
195	Tonga	107,773	0.86 %	915	150	720	-800	3.2	22	24 %	0.00 %
196	Seychelles	107,660	0.51 %	542	234	460	-200	2.3	33	53 %	0.00 %
197	Aruba	106,277	-0.16 %	-168	590	180	157	1.2	42	45 %	0.00 %
198	Saint Vincent and the Grenadines	103,698	-0.24 %	-250	266	390	-200	1.8	33	58 %	0.00 %
199	US Virgin Islands	98,750	-0.72 %	-715	282	350	-450	2.1	43	N.A.	0.00 %
200	Antigua and Barbuda	94,298	0.57 %	535	214	440	0	1.6	36	28 %	0.00 %
201	Isle of Man	84,710	0.23 %	191	149	570	340	1.6	46	55 %	0.00 %
202	Andorra	80,088	0.33 %	264	170	470	200	1.1	43	85 %	0.00 %
203	Dominica	73,040	0.42 %	303	97	750	-40	1.6	32	75 %	0.00 %
204	Cayman Islands	69,310	0.88 %	604	289	240	400	1.2	38	95 %	0.00 %
205	Bermuda	64,069	-0.18 %	-115	1,281	50	0	1.4	46	94 %	0.00 %
206	Greenland	56,643	0.31 %	177	0	410,450	-100	1.9	35	89 %	0.00 %
207	Faeroe Islands	53,270	0.34 %	180	38	1,396	0	2.7	38	41 %	0.00 %
208	Northern Mariana Islands	49,796	0.49 %	245	108	460	-50	2.1	38	N.A.	0.00 %
209	Saint Kitts and Nevis	47,755	0.21 %	98	184	260	20	1.5	35	38 %	0.00 %
210	Turks and Caicos	46,062	0.79 %	359	48	950	200	1.6	38	79 %	0.00 %
211	Sint Maarten	44,222	0.11 %	47	1,301	34	0	1.6	48	97 %	0.00 %
212	American Samoa	43,914	-0.81 %	-359	220	200	-790	2.2	29	N.A.	0.00 %
213	Marshall Islands	41,996	1.03 %	427	233	180	0	2.6	26	N.A.	0.00 %
214	Liechtenstein	39,584	0.65 %	257	247	160	150	1.5	44	15 %	0.00 %
215	Monaco	36,297	-0.47 %	-172	24,360	1	200	2.1	54	N.A.	0.00 %
216	San Marino	33,642	-0.05 %	-18	561	60	100	1.1	47	99 %	0.00 %
217	Gibraltar	32,688	0.12 %	39	3,269	10	-24	1.8	42	N.A.	0.00 %
218	Saint Martin	32,077	0.90 %	286	605	53	0	2.4	39	0 %	0.00 %
219	British Virgin Islands	31,538	0.74 %	233	210	150	200	1.0	39	53 %	0.00 %
220	Caribbean Netherlands	27,148	0.45 %	122	83	328	100	1.6	40	74 %	0.00 %
221	Palau	18,058	0.02 %	3	39	460	-20	2.3	36	N.A.	0.00 %
222	Cook Islands	17,044	0.19 %	33	71	240	-93	2.2	33	79 %	0.00 %
223	Anguilla	15,899	0.26 %	42	177	90	0	1.3	38	98 %	0.00 %
224	Nauru	12,780	0.88 %	112	639	20	-140	3.4	20	88 %	0.00 %
225	Wallis & Futuna	11,502	-0.60 %	-70	82	140	-119	1.9	37	0 %	0.00 %
226	Tuvalu	11,396	0.74 %	84	380	30	-60	3.1	25	69 %	0.00 %
227	Saint Barthelemy	10,994	0.25 %	27	524	21	0	1.0	40	0 %	0.00 %
228	Saint Pierre and Miquelon	5,840	-0.38 %	-22	25	230	0	1.6	44	N.A.	0.00 %
229	Saint Helena	5,314	-1.12 %	-60	14	390	0	1.6	53	32 %	0.00 %
230	Montserrat	4,386	-0.09 %	-4	44	100	0	1.6	44	11 %	0.00 %
231	Falkland Islands	3,791	0.29 %	11	0	12,170	0	1.6	40	62 %	0.00 %
232	Niue	1,935	0.05 %	1	7	260	0	2.4	36	41 %	0.00 %
233	Tokelau	1,893	1.18 %	22	189	10	0	2.6	27	0 %	0.00 %
234	Holy See	518	1.57 %	8	1,295	0	0			N.A.	0.00 %
235	faroeislands	52889
235	canaryislands	2207000
236	kosovo	1660000
236	bonaire	20104
236	monsterrat	4992
236	crimea	2416852
236	sinteustatius	3138
Guangdong	126,012,510	104,303,132	85,225,007	62,829,236	59,299,220	42,800,849	34,770,059	27,210,000	32,453,000	32,428,000	28,011,000
Shandong[FN 5][FN 6]	101,527,453	95,793,065	89,971,789	84,392,827	74,419,054	55,519,038	48,876,548	38,865,000	38,100,000	28,672,000	30,989,000
Henan	99,365,519	94,023,567	91,236,854	85,509,535	74,422,739	50,325,511	44,214,594	29,654,000	34,290,000	30,566,000	28,518,000
Sichuan[FN 7]	83,674,866	80,418,200	82,348,296	107,218,173	99,713,310	67,956,490	62,303,999	47,437,000	52,706,000	47,992,000	48,130,000
Jiangsu[FN 8][FN 9]	84,748,016	78,659,903	73,043,577	67,056,519	60,521,114	44,504,608	41,252,192	36,080,000	36,469,000	34,126,000	32,283,000
Hebei[FN 10][FN 11][FN 12]	74,610,235	71,854,202	66,684,419	61,082,439	53,005,876	45,687,781	35,984,644	28,719,000	28,644,000	31,232,000	26,658,000
Hunan	66,444,864	65,683,722	63,274,173	60,659,754	54,008,851	37,182,286	33,226,954	25,558,000	28,294,000	31,501,000	27,617,000
Anhui	61,027,171	59,500,510	58,999,948	56,180,813	49,665,724	31,241,657	30,343,637	22,462,000	23,354,000	21,715,000	16,229,000
Hubei[FN 13]	58,300,000	57,237,740	59,508,870	53,969,210	47,804,150	33,709,344	27,789,693	20,976,000	25,516,000	26,699,000	29,590,000
Zhejiang	64,567,588	54,426,891	45,930,651	41,445,930	38,884,603	28,318,573	22,865,747	19,959,000	21,231,000	20,643,000	21,440,000
Guangxi[FN 14]	50,126,804	46,026,629	43,854,538	42,245,765	36,420,960	20,845,017	19,560,822	14,636,000	13,385,000	13,648,000	7,879,000
Yunnan	47,209,277	45,966,239	42,360,089	36,972,610	32,553,817	20,509,525	17,472,737	9,066,000	12,042,000	13,821,000	9,468,000
Jiangxi	45,188,635	44,567,475	40,397,598	37,710,281	33,184,827	21,068,019	16,772,865	12,507,000	15,805,000	20,323,000	23,988,000
Liaoning[FN 15][FN 16][FN 17]	42,591,407	43,746,323	41,824,412	39,459,697	35,721,693	26,946,200	18,545,147	10,007,000	15,254,000	15,233,000	12,133,000
Fujian	41,540,086	36,894,216	34,097,947	30,097,274	25,931,106	16,757,223	13,142,721	11,143,000	11,756,000	10,071,000	15,849,000
Shaanxi[FN 18]	39,528,999	37,327,378	35,365,072	32,882,403	28,904,423	20,766,915	15,881,281	10,011,000	9,780,000	11,802,000	9,364,000
Heilongjiang[FN 19][FN 20]	31,850,088	38,312,224	36,237,576	35,214,873	32,665,546	20,118,271	11,897,309	2,844,000	3,751,000	3,725,000	2,029,000
Shanxi	34,915,616	37,022,111	32,471,242	28,759,014	25,291,389	18,015,067	14,314,485	15,247,000	11,601,000	12,228,000	10,082,000
Guizhou	38,562,148	35,806,468	35,247,695	32,391,066	28,552,997	17,140,521	15,037,310	10,174,000	9,919,000	14,746,000	9,665,000
Chongqing[FN 7][FN 21]	32,054,159	28,846,170	30,512,763	*	*	*	*	986,000	*	*	*
Jilin	24,073,453	27,462,297	26,802,191	24,658,721	22,560,053	15,668,663	11,290,073	6,465,000	7,354,000	7,635,000	5,580,000
Gansu[FN 22]	25,019,831	25,575,254	25,124,282	22,371,141	19,569,261	12,630,569	12,928,102	7,091,000	6,716,000	6,281,000	4,990,000
Inner Mongolia[FN 14]	24,049,155	24,706,321	23,323,347	21,456,798	19,274,279	12,348,638	6,100,104	*	*	*	*
Shanghai[FN 8][FN 21]	24,870,895	23,019,148	16,407,734	13,341,896	11,859,748	10,816,458	6,204,417	4,630,000	3,727,000	*	*
Xinjiang	25,852,345	21,813,334	18,459,511	15,155,778	13,081,681	7,270,067	4,873,608	4,047,000	4,360,000	2,552,000	2,098,000
Beijing	21,893,095	19,612,368	13,569,194	10,819,407	9,230,687	7,568,495	2,768,149	1,722,000	1,551,000	*	*
Tianjin	13,866,009	12,938,224	9,848,731	8,785,402	7,764,141	*	2,693,831	1,773,000	1,218,000	*	*
Hainan	10,081,232	9,261,518	7,559,035	6,557,482	*	*	*	*	*	*	*
Hong Kong	7,474,200	7,061,200	6,708,389								
Ningxia	7,202,654	6,176,900	5,486,393	4,655,451	3,895,578	*	*	759,000	978,000	1,450,000	303,000
Qinghai	5,923,957	5,626,722	4,822,963	4,456,946	3,895,706	2,145,604	1,676,534	1,308,000	1,196,000	619,000	368,000
Tibet	3,648,100	3,002,166	2,616,329	2,196,010	1,892,393	1,251,225	1,273,969				
Macao	683,218	552,503	435,235
England	56,550,138	84.3	
Scotland	5,466,000	8.2	
Wales	3,169,586	4.7	
Northern Ireland	1,895,510	2.8	
Uttar Pradesh	199,812,341	16.51%	20.2%	155,317,278	77.73%	44,495,063	22.27%	828/km2 (2,140/sq mi)	912	80	31
2 (S2)	Bihar	104,099,452	8.6%	25.4%	92,341,436	88.71%	11,758,016	11.29%	1,102/km2 (2,850/sq mi)	918	40	16
3 (S3)	Maharashtra	112,374,333	9.28%	16%	61,556,074	54.78%	50,818,259	45.22%	365/km2 (950/sq mi)	929	48	19
4 (S4)	West Bengal	91,276,115	7.54%	13.8%	62,183,113	68.13%	29,093,002	31.87%	1,029/km2 (2,670/sq mi)	953	42	16
5 (S5)	Madhya Pradesh	72,626,809	6%	20.3%	52,557,404	72.37%	20,069,405	27.63%	236/km2 (610/sq mi)	931	29	11
6 (S6)	Tamil Nadu	72,147,030	5.96%	15.6%	37,229,590	51.6%	34,917,440	48.4%	555/km2 (1,440/sq mi)	996	39	18
7 (S7)	Rajasthan	68,548,437	5.66%	21.3%	51,500,352	75.13%	17,048,085	24.87%	201/km2 (520/sq mi)	928	25	10
8 (S8)	Karnataka	61,095,297	5.05%	15.6%	37,469,335	61.33%	23,625,962	38.67%	319/km2 (830/sq mi)	973	28	12
9 (S9)	Gujarat	60,439,692	4.99%	19.3%	34,694,609	57.4%	25,745,083	42.6%	308/km2 (800/sq mi)	919	26	11
10 (S10)	Andhra Pradesh	49,577,103	4.1%	11.0%	34,966,693	70.53%	14,610,410	29.47%	303/km2 (780/sq mi)	993	25	11
11 (S11)	Odisha	41,974,219	3.47%	14.0%	34,970,562	83.31%	7,003,656	16.69%	269/km2 (700/sq mi)	979	21	10
12 (S12)	Telangana	35,003,674	2.89%	13.58%	21,395,009	61.12%	13,608,665	38.88%	312/km2 (810/sq mi)	988	17	7
13 (S13)	Kerala	33,406,061	2.76%	4.9%	17,471,135	52.3%	15,934,926	47.7%	859/km2 (2,220/sq mi)	1,084	20	9
14 (S14)	Jharkhand	32,988,134	2.73%	22.4%	25,055,073	75.95%	7,933,061	24.05%	414/km2 (1,070/sq mi)	948	14	6
15 (S15)	Assam	31,205,576	2.58%	17.1%	26,807,034	85.9%	4,398,542	14.1%	398/km2 (1,030/sq mi)	958	14	7
16 (S16)	Punjab	27,743,338	2.29%	13.89%	17,344,192	62.52%	10,399,146	37.48%	551/km2 (1,430/sq mi)	895	13	7
17 (S17)	Chhattisgarh	25,545,198	2.11%	22.6%	19,607,961	76.76%	5,937,237	23.24%	189/km2 (490/sq mi)	991	11	5
18 (S18)	Haryana	25,351,462	2.09%	19.9%	16,509,359	65.12%	8,842,103	34.88%	573/km2 (1,480/sq mi)	879	10	5
19 (UT1)	Delhi	16,787,941	1.39%	21.2%	419,042	2.5%	16,368,899	97.5%	11,297/km2 (29,260/sq mi)	868	7	3
20 (UT2)	Jammu and Kashmir	12,267,032	1.01%	23.6%	9,064,220	73.89%	3,202,812	26.11%	297/km2 (770/sq mi)	890	5	4
21 (S19)	Uttarakhand	10,086,292	0.83%	18.8%	7,036,954	69.77%	3,049,338	30.23%	189/km2 (490/sq mi)	963	5	3
22 (S20)	Himachal Pradesh	6,864,602	0.57%	12.9%	6,176,050	89.97%	688,552	10.03%	123/km2 (320/sq mi)	972	4	3
23 (S21)	Tripura	3,673,917	0.3%	14.8%	2,712,464	73.83%	961,453	26.17%	350/km2 (910/sq mi)	960	2	1
24 (S22)	Meghalaya	2,966,889	0.25%	27.9%	2,371,439	79.93%	595,450	20.07%	132/km2 (340/sq mi)	989	2	1
25 (S23)	Manipur	2,570,390	0.21%	24.5%	1,793,875	69.79%	776,515	30.21%	122/km2 (320/sq mi)	992	2	1
26 (S24)	Nagaland	1,978,502	0.16%	−0.6%	1,407,536	71.14%	570,966	28.86%	119/km2 (310/sq mi)	931	1	1
27 (S25)	Goa	1,458,545	0.12%	8.2%	551,731	37.83%	906,814	62.17%	394/km2 (1,020/sq mi)	973	2	1
28 (S26)	Arunachal Pradesh	1,383,727	0.11%	26.0%	1,066,358	77.06%	317,369	22.94%	17/km2 (44/sq mi)	938	2	1
29 (UT3)	Puducherry	1,247,953	0.1%	28.1%	395,200	31.67%	852,753	68.33%	2,598/km2 (6,730/sq mi)	1,037	1	1
30 (S27)	Mizoram	1,097,206	0.09%	23.5%	525,435	47.89%	571,771	52.11%	52/km2 (130/sq mi)	976	1	1
31 (UT4)	Chandigarh	1,055,450	0.09%	17.2%	28,991	2.75%	1,026,459	97.25%	9,252/km2 (23,960/sq mi)	818	1	– [d]
32 (S28)	Sikkim	610,577	0.05%	12.9%	456,999	74.85%	153,578	25.15%	86/km2 (220/sq mi)	890	1	1
33 (UT5)	Dadra and Nagar Haveli and Daman and Diu	585,764	0.05%	55.1%	243,510	41.57%	342,254	58.43%	970/km2 (2,500/sq mi)	711	2	– [e]
34 (UT6)	Andaman and Nicobar Islands	380,581	0.03%	6.9%	237,093	62.3%	143,488	37.7%	46/km2 (120/sq mi)	876	1	– [f]
35 (UT7)	Ladakh	274,000	0.02%	17.8%	43,840	16%	230,160	84%	2.8/km2 (7.3/sq mi)	853	1	– [g]
36 (UT8)	Lakshadweep	64,473	
California	39,029,342	39,538,223	37,253,956	6.13%	2,284,267	52	11.95%	732,189	760,350	702,905	11.800%	11.908%	10.04%
2	2	 Texas	30,029,572	29,145,505	25,145,561	15.91%	3,999,944	38	8.74%	728,638	766,987	698,488	8.698%	8.038%	7.43%
3	3	 Florida	22,244,823	21,538,187	18,801,310	14.56%	2,736,877	28	6.44%	717,940	769,221	696,345	6.428%	6.010%	5.58%
4	4	 New York	19,677,151	20,201,249	19,378,102	4.25%	823,147	26	5.98%	721,473	776,971	717,707	6.029%	6.194%	5.20%
5	5	 Pennsylvania	12,972,008	13,002,700	12,702,379	2.36%	300,321	17	3.91%	684,353	764,865	705,688	3.881%	4.060%	3.53%
6	6	 Illinois	12,582,032	12,812,508	12,830,632	−0.14%	−18,124	17	3.91%	674,343	753,677	712,813	3.824%	4.101%	3.53%
7	7	 Ohio	11,756,058	11,799,448	11,536,504	2.28%	262,944	15	3.45%	694,085	786,630	721,032	3.521%	3.688%	3.16%
8	8	 Georgia	10,912,876	10,711,908	9,687,653	10.57%	1,024,255	14	3.22%	669,494	765,136	691,975	3.197%	3.097%	2.97%
9	9	 North Carolina	10,698,973	10,439,388	9,535,483	9.48%	903,905	14	3.22%	652,462	745,671	733,499	3.116%	3.048%	2.97%
10	10	 Michigan	10,034,113	10,077,331	9,883,640	1.96%	193,691	13	2.99%	671,822	775,179	705,974	3.008%	3.159%	2.79%
11	11	 New Jersey	9,261,699	9,288,994	8,791,894	5.65%	497,100	12	2.76%	663,500	774,083	732,658	2.772%	2.810%	2.60%
12	12	 Virginia	8,683,619	8,631,393	8,001,024	7.88%	630,369	11	2.53%	663,953	784,672	727,366	2.576%	2.557%	2.42%
13	13	 Washington	7,785,786	7,705,281	6,724,540	14.58%	980,741	10	2.30%	642,107	770,528	672,454	2.300%	2.149%	2.23%
14	14	 Arizona	7,359,197	7,151,502	6,392,017	11.88%	759,485	9	2.07%	650,137	794,611	710,224	2.134%	2.043%	2.04%
15	16	 Tennessee	7,051,339	6,910,840	6,346,105	8.90%	564,735	9	2.07%	628,258	767,871	705,123	2.062%	2.029%	2.04%
16	15	 Massachusetts	6,981,974	7,029,917	6,547,629	7.37%	482,288	9	2.07%	639,083	781,102	727,514	2.098%	2.093%	2.04%
17	17	 Indiana	6,833,037	6,785,528	6,483,802	4.65%	301,726	9	2.07%	616,866	753,948	720,422	2.025%	2.073%	2.04%
18	19	 Missouri	6,177,957	6,154,913	5,988,927	2.77%	165,986	8	1.84%	615,491	769,364	721,694	1.837%	1.914%	1.86%
19	18	 Maryland	6,164,660	6,177,224	5,773,552	6.99%	403,672	8	1.84%	617,722	772,153	748,616	1.844%	1.845%	1.86%
20	20	 Wisconsin	5,892,539	5,893,718	5,686,986	3.64%	206,732	8	1.84%	589,372	736,715	710,873	1.759%	1.818%	1.86%
21	21	 Colorado	5,839,926	5,773,714	5,029,196	14.8%	744,518	8	1.84%	577,371	721,714	718,457	1.723%	1.608%	1.86%
22	22	 Minnesota	5,717,184	5,706,494	5,303,925	7.59%	402,569	8	1.84%	570,649	713,312	662,991	1.703%	1.695%	1.86%
23	23	 South Carolina	5,282,634	5,118,425	4,625,364	10.66%	493,061	7	1.61%	568,714	731,204	660,766	1.528%	1.478%	1.67%
24	24	 Alabama	5,074,296	5,024,279	4,779,736	5.12%	244,543	7	1.61%	558,253	717,754	682,819	1.499%	1.528%	1.67%
25	25	 Louisiana	4,590,241	4,657,757	4,533,372	2.74%	124,385	6	1.38%	582,220	776,293	755,562	1.390%	1.449%	1.49%
26	26	 Kentucky	4,512,310	4,505,836	4,339,367	3.84%	166,469	6	1.38%	563,230	750,973	723,228	1.345%	1.387%	1.49%
27	27	 Oregon	4,240,137	4,237,256	3,831,074	10.60%	406,182	6	1.38%	529,657	706,209	766,215	1.265%	1.225%	1.49%
28	28	 Oklahoma	4,019,800	3,959,353	3,751,351	5.54%	208,002	5	1.15%	565,622	791,871	750,270	1.182%	1.199%	1.30%
29	29	 Connecticut	3,626,205	3,605,944	3,574,097	0.89%	31,847	5	1.15%	515,135	721,189	714,819	1.076%	1.142%	1.30%
30	31	 Utah	3,380,800	3,271,616	2,763,885	18.37%	507,731	4	0.92%	545,269	817,904	690,971	0.976%	0.883%	1.12%
31	30	 Puerto Rico	3,221,789	3,285,874	3,725,789	−11.81%	−439,915	1*	—	—	—	—	0.981%	1.191%	—
32	32	 Iowa	3,200,517	3,190,369	3,046,355	4.73%	144,014	4	0.92%	531,728	797,592	761,589	0.952%	0.974%	1.12%
33	33	 Nevada	3,177,772	3,104,614	2,700,551	14.96%	404,063	4	0.92%	517,436	776,154	675,138	0.927%	0.863%	1.12%
34	34	 Arkansas	3,045,637	3,011,524	2,915,918	3.28%	95,606	4	0.92%	501,921	752,881	728,980	0.899%	0.932%	1.12%
35	35	 Mississippi	2,940,057	2,961,279	2,967,297	−0.20%	−6,018	4	0.92%	493,547	740,320	741,824	0.884%	0.948%	1.12%
36	36	 Kansas	2,937,150	2,937,880	2,853,118	2.97%	84,762	4	0.92%	489,647	734,470	713,280	0.877%	0.912%	1.12%
37	37	 New Mexico	2,113,344	2,117,522	2,059,179	2.83%	58,343	3	0.69%	423,504	705,841	686,393	0.632%	0.658%	0.93%
38	38	 Nebraska	1,967,923	1,961,504	1,826,341	7.40%	135,163	3	0.69%	392,301	653,835	608,780	0.585%	0.584%	0.93%
39	39	 Idaho	1,939,033	1,839,106	1,567,582	17.32%	271,524	2	0.46%	459,777	919,553	783,791	0.549%	0.501%	0.74%
40	40	 West Virginia	1,775,156	1,793,716	1,852,994	−3.20%	−59,278	2	0.46%	448,429	896,858	617,665	0.535%	0.592%	0.74%
41	41	 Hawaii	1,440,196	1,455,271	1,360,301	6.98%	94,970	2	0.46%	363,818	727,636	680,151	0.434%	0.435%	0.74%
42	42	 New Hampshire	1,395,231	1,377,529	1,316,470	4.66%	61,059	2	0.46%	344,382	688,765	658,235	0.411%	0.421%	0.74%
43	43	 Maine	1,385,340	1,362,359	1,328,361	2.56%	33,998	2	0.46%	340,590	681,180	664,181	0.407%	0.425%	0.74%
44	45	 Montana	1,122,867	1,084,225	989,415	9.58%	94,810	2	0.46%	271,056	542,113	989,415	0.324%	0.316%	0.74%
45	44	 Rhode Island	1,093,734	1,097,379	1,052,567	4.26%	44,812	2	0.46%	274,345	548,690	526,284	0.328%	0.336%	0.74%
46	46	 Delaware	1,018,396	989,948	897,934	10.25%	92,014	1	0.23%	329,983	989,948	897,934	0.295%	0.287%	0.56%
47	47	 South Dakota	909,824	886,667	814,180	8.90%	72,487	1	0.23%	295,556	886,667	814,180	0.265%	0.260%	0.56%
48	48	 North Dakota	779,261	779,094	672,591	15.83%	106,503	1	0.23%	259,698	779,094	672,591	0.233%	0.215%	0.56%
49	49	 Alaska	733,583	733,391	710,231	3.26%	23,160	1	0.23%	244,464	733,391	710,231	0.219%	0.227%	0.56%
50	50	 District of Columbia	671,803	689,545	601,723	14.60%	87,822	1*	—	229,848	—	—	0.206%	0.192%	0.56%
51	51	 Vermont	647,064	643,077	625,741	2.77%	17,336	1	0.23%	214,359	643,077	625,741	0.192%	0.200%	0.56%
52	52	 Wyoming	581,381